100 60 60 60 60 60 60 60 60 60 60 60 60 60 60 60 60
110 110 110 110 110 110 110 110 110 110 110 110 110 110 110 110 110
160 160 160 160 160 160 160 160 160 160 160 160 160 160 160 160 160
210 210 210 210 210 210 210 210 210 210 210 210 210 210 210 210 210
260 260 260 260 260 260 260 260 260 260 260 260 260 260 260 260 260
310 310 310 310 310 310 310 310 310 310 310 310 310 310 310 310 310
360 360 360 360 360 360 360 360 360 360 360 360 360 360 360 360 360
410 410 410 410 410 410 410 410 410 410 410 410 410 410 410 410 410
460 460 460 460 460 460 460 460 460 460 460 460 460 460 460 460 460
510 510 510 510 510 510 510 510 510 510 510 510 510 510 510 510 510
560 560 560 560 560 560 560 560 560 560 560 560 560 560 560 560 560
610 610 610 610 610 610 610 610 610 610 610 610 610 610 610 610 610
660 660 660 660 660 660 660 660 660 660 660 660 660 660 660 660 660
710 710 710 710 710 710 710 710 710 710 710 710 710 710 710 710 710
760 760 760 760 760 760 760 760 760 760 760 760 760 760 760 760 760
810 810 810 810 810 810 810 810 810 810 810 810 810 810 810 810 810
860 860 860 860 860 860 860 860 860 860 860 860 860 860 860 860 860
910 910 910 910 910 910 910 910 910 910 910 910 910 910 910 910 910
960 960 960 960 960 960 960 960 960 960 960 960 960 960 960 960 960
1010 1010 1010 1010 1010 1010 1010 1010 1010 1010 1010 1010 1010 1010 1010 1010 1010
1060 1060 1060 1060 1060 1060 1060 1060 1060 1060 1060 1060 1060 1060 1060 1060 1060
1110 1110 1110 1110 1110 1110 1110 1110 1110 1110 1110 1110 1110 1110 1110 1110 1110
1160 1160 1160 1160 1160 1160 1160 1160 1160 1160 1160 1160 1160 1160 1160 1160 1160
1210 1210 1210 1210 1210 1210 1210 1210 1210 1210 1210 1210 1210 1210 1210 1210 1210
1260 1260 1260 1260 1260 1260 1260 1260 1260 1260 1260 1260 1260 1260 1260 1260 1260
1310 1310 1310 1310 1310 1310 1310 1310 1310 1310 1310 1310 1310 1310 1310 1310 1310
1360 1360 1360 1360 1360 1360 1360 1360 1360 1360 1360 1360 1360 1360 1360 1360 1360
1410 1410 1410 1410 1410 1410 1410 1410 1410 1410 1410 1410 1410 1410 1410 1410 1410
1460 1460 1460 1460 1460 1460 1460 1460 1460 1460 1460 1460 1460 1460 1460 1460 1460
1510 1510 1510 1510 1510 1510 1510 1510 1510 1510 1510 1510 1510 1510 1510 1510 1510
